1366574172 1366574741
1366574742 1366574743
1366934773 1366934774
1367087261 1367094114
1367279483 1367280053
1367621256 1367621824
1367684898 1367685585
1367726113 1367730792
1367730794 1367730980
1367734873 1367737201
1367737390 1367738231
1367738288 1367765794
1367946661 1367946702
1367946739 1367946742
1367946773 1367946783
1367946962 1367947963
1368342528 1368350720
1368371200 1368375296
1368379648 1368380769
1368383205 1368383868
1368467633 1368468219
1368898421 1368899073
1368906243 1368907630
1369771903 1369772023
1370085768 1370086116
1370094910 1370094986
1370128312 1370128660
1370169477 1370169825
1370195245 1370195593
1370214050 1370214398
1370232266 1370232614
1370245959 1370245960
1370246079 1370246080
1370246133 1370246134
1370247648 1370247996
1370258509 1370258510
1370258539 1370258540
1370258558 1370258559
1370258565 1370258566
1370258594 1370258595
1370258620 1370258621
1370258691 1370258692
1370258716 1370258717
1370258770 1370258772
1370258777 1370258778
1370258780 1370258781
1370258795 1370258796
1370258827 1370258828
1370258983 1370258984
1370259003 1370259004
1370259200 1370259201
1370259234 1370259235
1370259236 1370259237
1370259239 1370259240
1370259273 1370259274
1370259319 1370259320
1370259331 1370259332
1370260283 1370260284
1370260519 1370260520
1370260565 1370260566
1370260789 1370260790
1370260816 1370260817
1370260909 1370260910
1370260925 1370260926
1370261086 1370261087
1370262003 1370262004
1370263087 1370263088
1370263150 1370263151
1370264334 1370264335
1370264490 1370264491
1370271796 1370279782
1370280878 1370281242
1370299945 1370300293
1370382953 1370383301
1370420934 1370421282
1370466298 1370466646
1370479620 1370479968
1370495639 1370495987
1370517419 1370517767
1370533121 1370533197
1370544087 1370544435
1370558575 1370558923
1370589369 1370589733
1370612551 1370612899
1370626458 1370626806
1370641270 1370641618
1370655016 1370655364
1370673769 1370674117
1370726052 1370726416
1370758336 1370758412
1370763637 1370763687
1370768439 1370768515
1370772878 1370772948
1370777532 1370777608
1370804739 1370804815
1370819872 1370820220
1370824964 1370825056
1370844018 1370844094
1370856222 1370856330
1370876156 1370876504
1370903470 1370903818
1370948085 1370948161
1370955118 1370955194
1370992954 1370993046
1370998249 1370998341
1371012773 1371013121
1371033119 1371033467
1371046927 1371047275
1371058350 1371058698
1371074408 1371074756
1371088151 1371088243
1371098655 1371098731
1371110578 1371110926
1371135140 1371135488
1371145700 1371145792
1371173083 1371173159
1371197076 1371197424
1371205944 1371206020
1371234725 1371235073
1371251446 1371251794
1371291389 1371291737
1371329219 1371329567
1371341274 1371341414
1371348203 1371348551
1371385056 1371385404
1371391676 1371391912
1371402758 1371402850
1371411798 1371411986
1371415582 1371415738
1371418925 1371419081
1371423488 1371424076
1371425333 1371425489
1371444972 1371445320
1371491835 1371491991
1371562641 1371562989
1371591941 1371593146
1371593220 1371595575
1371699804 1371700152
1371727237 1371727329
1371789338 1371789430
1371819543 1371819635
1371831716 1371832102
1371835067 1371835466
1371835568 1371835724
1371864176 1371864268
1371911479 1371911683
1371934803 1371935151
1371954937 1371955077
1372008389 1372010193
1372028441 1372028581
1372124794 1372124886
1372196548 1372196640
1372239113 1372239205
1372289496 1372289588
1372314608 1372314700
1372342559 1372342651
1372394254 1372394474
1372465231 1372465579
1372487847 1372487939
1372503040 1372503132
1372537400 1372537492
1372549391 1372549483
1372570103 1372570195
1372621756 1372621944
1372746263 1372746355
1372807694 1372807866
1373002125 1373002217
1373022045 1373022137
1373047240 1373047332
1373073449 1373073541
1373142533 1373142881
1373157016 1373157108
1373245494 1373245842
1373277552 1373277644
1373318123 1373318279
1373375677 1373376025
1373394414 1373394762
1373416454 1373416546
1373490373 1373490721
1373516197 1373516481
1373545779 1373546127
1373553347 1373553439
1373572128 1373572220
1373614091 1373614183
1373658429 1373658521
1373673652 1373673744
1373758377 1373758773
1373772560 1373772652
1373795296 1373795388
1373843546 1373843734
1373859919 1373860011
1373940325 1373940417
1374111948 1374112296
1374161223 1374161571
1374200718 1374201066
1374245270 1374245362
1374267027 1374267119
1374291639 1374291731
1374303171 1374303263
1374360260 1374360672
1374368349 1374368601
1374423487 1374423579
1374434324 1374434496
1374435649 1374435805
1374440942 1374441034
1374444271 1374444656
1374444717 1374444905
1374511455 1374511675
1374536531 1374536895
1374584783 1374585131
1374600918 1374601106
1374610277 1374610385
1374720650 1374720998
1374783857 1374784205
1374831380 1374831488
1374861953 1374862157
1374960670 1374961130
1374971593 1374971781
1374997905 1374998125
1375059423 1375059771
1375137987 1375138239
1375149815 1375149907
1375203400 1375203588
1375211603 1375211887
1375219571 1375219711
1375275450 1375275798
1375297102 1375297194
1375326054 1375326146
1375342867 1375342959
1375380367 1375380539
1375402054 1375402146
1375412833 1375412925
1375427337 1375427429
1375490616 1375490964
1375498909 1375499001
1375506703 1375506923
1375519964 1375520056
1375527974 1375528066
1375566799 1375566891
1375603170 1375603518
1375613741 1375613833
1375639110 1375639218
1375661805 1375662169
1375692655 1375692859
1375728584 1375729124
1375783998 1375784250
1375804828 1375804920
1375810848 1375810940
1375819813 1375819905
1375861506 1375861614
1376004378 1376004598
1376109680 1376110044
1376185178 1376185542
1376270170 1376270518
1376345212 1376345432
1376419336 1376419684
1376774766 1376775130
1376846450 1376846526
1376863411 1376863583
1377084608 1377084956
1377134841 1377135189
1377225513 1377225861
1377386325 1377386673
1377468069 1377468241
1377544168 1377544695
1377544696 1377544697
1377547110 1377547346
1377690879 1377691227
1377726878 1377727226
1377902836 1377903184
1377981700 1377982064
1378074887 1378075043
1378585558 1378585922
1378625020 1378625368
1378666899 1378667055
1378670871 1378671843
1378677010 1378677214
1378957040 1378957388
1378971785 1378971945
1379088287 1379088635
1379137692 1379138040
1379192980 1379193344
1379288193 1379288541
1379535595 1379535943
1379592220 1379592568
1379742655 1379743003
1379797866 1379798214
1379966399 1379966571
1380201372 1380201720
1380302211 1380302559
1380404988 1380405352
1380483256 1380483396
1380911686 1380911858
1380922415 1380922763
1381006043 1381006391
1381087854 1381088074
1381103582 1381103930
1381231855 1381232203
1381612142 1381612490
1381692880 1381693068
1381868261 1381868417
1381954579 1381954927
1382040043 1382040391
1382053916 1382054104
1382236987 1382237372
1382237500 1382237672
1382297989 1382298177
1382310278 1382310434
1382479425 1382479904
1382480253 1382480585
1382481581 1382482343
1382680382 1382680538
1382696779 1382697127
1382736140 1382736488
1382809600 1382813696
1382890247 1382890611
1383019226 1383019251
1383021375 1383021400
1383088631 1383088650
1383088748 1383088769
1383091573 1383092139
1383100916 1383101280
1383435852 1383436216
1383525410 1383525566
1383694141 1383694521
1384035926 1384036274
1384054369 1384054557
1384077899 1384078247
1384105360 1384105580
1384118243 1384118591
1384299370 1384299542
1384719019 1384719367
1384731074 1384731262
1384773419 1384773767
1384868801 1384869149
1385173374 1385173738
1385348182 1385348546
1385541439 1385541835
1385598833 1385599197
1385686354 1385686702
1385804271 1385804619
1385852215 1385852579
1385888086 1385888434
1385927482 1385927654
1386224944 1386225308
1386456699 1386457079
1386535613 1386535961
1386551882 1386552422
1386630503 1386630851
1386791275 1386791447
1386796961 1386797309
1386981365 1386981793
1387043668 1387044338
1387048091 1387048797
1387048798 1387048799
1387060153 1387060501
1387145088 1387145436
1387221382 1387221730
1387233932 1387234072
1387240137 1387241388
1387241389 1387241390
1387242017 1387242613
1387243851 1387244443
1387244444 1387244445
1387250599 1387250947
1387395078 1387395298
1387452264 1387452628
1387487358 1387487958
1387489938 1387490418
1387525787 1387526135
1388054349 1388054697
1388109743 1388109947
1388147889 1388148237
1388349360 1388349564
1388454969 1388455317
1388794688 1388795036
1388943214 1388943818
1389339741 1389340089
1389400716 1389401064
