1366772391 1366778678
1366786080 1366791265
1366817987 1366834517
1366834692 1366902873
1366902959 1366919413
1366919433 1366920917
1366921107 1366922472
1366922611 1366931496
1366970259 1366991606
1366991657 1366997921
1367011112 1367013153
1367013175 1367013490
1367013604 1367018055
1367018163 1367018513
1367018680 1367022247
1367023570 1367033558
1367033646 1367033789
1367033852 1367035474
1367035533 1367038576
1367038591 1367046093
1367046100 1367049835
1367049853 1367055712
1367061730 1367067346
1367067349 1367073281
1367123472 1367125256
1367130352 1367135837
1367135854 1367160979
1367161832 1367166150
1367166221 1367175340
1367208022 1367208793
1367255860 1367256380
1367287142 1367291249
1367335022 1367339212
1367354315 1367357875
1367382941 1367390848
1367420193 1367427617
1367434431 1367439987
1367449364 1367465585
1367510295 1367514197
1367514504 1367526894
1367533241 1367594226
1367594240 1367596903
1367598855 1367599169
1367610569 1367611376
1367635837 1367646391
1367652919 1367671516
1367726919 1367726985
1367730975 1367734872
1367737201 1367737654
1367737854 1367737858
1367738143 1367738286
1367744675 1367748866
1367754100 1367770440
1367910830 1367915968
1367916081 1367922047
1367994977 1368027361
1368115342 1368115379
1368162831 1368199330
1368199371 1368200562
1368249205 1368253973
1368256606 1368258032
1368259315 1368283516
1368331350 1368337146
1368344338 1368371804
1368418766 1368436239
1368449835 1368460501
1368545289 1368552711
1368561752 1368563320
1368563417 1368575820
1368575953 1368575956
1368575991 1368582268
1368605221 1368625536
1368633604 1368649226
1368656653 1368673159
1368679377 1368682423
1368738874 1368744721
1368789756 1368797615
1368815007 1368817483
1368817512 1368822238
1368836640 1368841931
1368933107 1368938717
1368954141 1368961543
1368979913 1368992311
1368993005 1368997896
1369184832 1369184915
1369185055 1369200465
1369205881 1369230918
1369241742 1369246564
1369254052 1369255796
1369255991 1369263774
1369276031 1369292466
1369299302 1369333565
1369375930 1369381513
1369386030 1369409817
1369411298 1369413649
1369432797 1369443373
1369450588 1369470643
1369480556 1369485043
1369492342 1369493116
1369521579 1369530570
1369545660 1369555842
1369562361 1369570422
1369579670 1369591412
1369598234 1369602116
1369610209 1369617585
1369626067 1369632035
1369638079 1369644126
1369649613 1369658687
1369681145 1369717050
1369717388 1369724290
1369729650 1369731495
1369765810 1369772023
1369780122 1369801450
1369805217 1369816396
1369827426 1369829198
1369837682 1369922212
1369939918 1369945707
1369945733 1369947267
1369951467 1369964701
1369980477 1369998986
1370008298 1370024237
1370036058 1370036139
1370036174 1370049701
1370050230 1370054095
1370054163 1370079439
1370086491 1370090937
1370095514 1370096175
1370096788 1370097052
1370129380 1370133094
1370136007 1370164042
1370169543 1370190930
1370195391 1370207265
1370214228 1370227554
1370232443 1370242450
1370247770 1370253887
1370261630 1370262003
1370262004 1370263087
1370263088 1370263150
1370263151 1370264334
1370264335 1370264490
1370264491 1370267918
1370282070 1370292548
1370292652 1370293137
1370300597 1370301156
1370301168 1370307928
1370307959 1370325018
1370325212 1370350317
1370350593 1370376655
1370383648 1370415251
1370421494 1370461862
1370466508 1370475332
1370479747 1370490237
1370495813 1370513141
1370517566 1370528097
1370533861 1370540913
1370544335 1370555146
1370559286 1370570538
1370590090 1370607189
1370613343 1370621618
1370627225 1370637142
1370642816 1370650083
1370655948 1370656556
1370656687 1370666127
1370674418 1370697380
1370726735 1370731347
1370731456 1370732482
1370758509 1370763687
1370768923 1370772948
1370777973 1370799721
1370805294 1370813537
1370820170 1370821881
1370827327 1370830763
1370844797 1370846643
1370846775 1370851447
1370856601 1370872383
1370876670 1370888285
1370888307 1370888352
1370904074 1370907433
1370915048 1370941661
1370948691 1370951317
1370955563 1370966931
1370969102 1370969663
1370993335 1370993675
1370998664 1371008205
1371013187 1371028276
1371033559 1371043443
1371047435 1371055150
1371058600 1371064756
1371075027 1371078382
1371088160 1371095424
1371099179 1371107421
1371111090 1371130148
1371135172 1371136901
1371145915 1371155770
1371173293 1371179161
1371179831 1371192153
1371197859 1371201204
1371206449 1371226389
1371235280 1371245481
1371251718 1371280924
1371291914 1371306087
1371348585 1371380425
1371380537 1371381771
1371385787 1371388719
1371392112 1371395175
1371425676 1371441079
1371445497 1371477245
1371477714 1371489324
1371504312 1371509063
1371511876 1371541884
1371563918 1371581630
1371581663 1371582528
1371585807 1371591458
1371596342 1371596422
1371596447 1371596543
1371596656 1371596663
1371596720 1371596831
1371596942 1371683736
1371700173 1371715408
1371727326 1371785495
1371789583 1371815489
1371820056 1371831671
1371832238 1371835021
1371835585 1371847232
1371864233 1371902417
1371902748 1371909858
1371935776 1371936280
1371936990 1371940643
1371941080 1371951181
1371954944 1371971514
1371971600 1372008348
1372011083 1372014516
1372028451 1372033204
1372034081 1372086714
1372125173 1372126856
1372126896 1372130640
1372130670 1372186186
1372198888 1372231778
1372239136 1372260528
1372289525 1372306546
1372314618 1372328560
1372348882 1372374390
1372384690 1372384721
1372394270 1372456109
1372465238 1372478537
1372487854 1372493529
1372503048 1372527117
1372527251 1372528498
1372537436 1372544543
1372549648 1372564553
1372570113 1372618862
1372633378 1372692150
1372692271 1372723478
1372723874 1372737705
1372746299 1372797738
1372797773 1372798942
1372807702 1372912494
1372912651 1372924077
1372924158 1372942871
1373002147 1373011074
1373022066 1373039882
1373047498 1373057154
1373073456 1373120488
1373142621 1373149467
1373149576 1373149786
1373157084 1373208546
1373245500 1373271010
1373277824 1373300715
1373302884 1373307261
1373324597 1373362621
1373375820 1373386700
1373394461 1373400141
1373417088 1373483208
1373490505 1373514257
1373516441 1373525677
1373545849 1373546475
1373553370 1373562318
1373572137 1373599773
1373614097 1373650932
1373658601 1373668112
1373673710 1373711624
1373760055 1373761945
1373772912 1373779899
1373780326 1373787547
1373796108 1373812254
1373813456 1373821609
1373822194 1373827872
1373828054 1373829249
1373843616 1373850087
1373860025 1373866044
1373866114 1373866142
1373866359 1373895892
1373896510 1373899219
1373900330 1373905098
1373927335 1373930734
1373940334 1373989926
1374007912 1374072120
1374072541 1374092356
1374093824 1374100711
1374112171 1374129318
1374129347 1374135538
1374135557 1374155106
1374161238 1374194501
1374200814 1374206957
1374206969 1374234070
1374245292 1374246746
1374254726 1374256730
1374267522 1374267815
1374268129 1374273982
1374292527 1374298866
1374303416 1374320896
1374321634 1374330089
1374331308 1374331516
1374361507 1374364511
1374369269 1374398226
1374398365 1374411112
1374423809 1374433216
1374448010 1374472570
1374472573 1374507821
1374507899 1374509697
1374514217 1374528267
1374537329 1374577960
1374585485 1374596050
1374611099 1374659084
1374659087 1374716738
1374721495 1374777586
1374784440 1374817820
1374832347 1374854398
1374854963 1374855529
1374855532 1374856275
1374863167 1374863173
1374863205 1374865684
1374865842 1374866806
1374871598 1374872395
1374872546 1374934889
1374935983 1374936316
1374962554 1374963114
1374963379 1374969813
1374973090 1374992237
1374992281 1374993286
1375000387 1375001014
1375001017 1375027250
1375041255 1375048858
1375063092 1375118528
1375118602 1375129013
1375142616 1375145937
1375150983 1375151956
1375152568 1375201275
1375203405 1375208494
1375212233 1375218856
1375219628 1375219842
1375219851 1375239695
1375239834 1375252379
1375252392 1375272058
1375276218 1375290545
1375290558 1375293365
1375297900 1375305264
1375305275 1375321840
1375327073 1375335894
1375343160 1375344304
1375346519 1375364096
1375381741 1375396103
1375402953 1375407283
1375428542 1375428550
1375461610 1375464164
1375465896 1375485126
1375491642 1375495812
1375499487 1375506199
1375506707 1375516044
1375516646 1375516691
1375516843 1375516883
1375520590 1375525123
1375528678 1375536438
1375567688 1375573349
1375574730 1375577050
1375577106 1375598825
1375603943 1375610058
1375614170 1375631479
1375663775 1375674493
1375674629 1375686321
1375693847 1375718581
1375743336 1375763125
1375785088 1375790133
1375820950 1375832486
1375832573 1375856932
1375861996 1375884054
1375884057 1375893334
1375893375 1375897024
1375897039 1375898351
1375898361 1375908229
1375908241 1375953006
1375953085 1375953767
1375953846 1376000183
1376004836 1376066323
1376079547 1376088258
1376092845 1376100594
1376111484 1376144770
1376186604 1376189494
1376199620 1376209643
1376209722 1376239664
1376241396 1376247743
1376271363 1376274185
1376287340 1376343341
1376348061 1376364536
1376364572 1376376122
1376376143 1376400466
1376400544 1376408765
1376408770 1376415377
1376420271 1376428067
1376436578 1376454709
1376454890 1376603281
1376610465 1376693999
1376698273 1376749350
1376750443 1376751665
1376775929 1376815347
1376815426 1376840020
1376847322 1376852915
1376866565 1377029919
1377036031 1377064623
1377086176 1377106920
1377106959 1377126490
1377136294 1377147990
1377152727 1377177696
1377177741 1377217318
1377218100 1377220099
1377226507 1377241924
1377245781 1377258767
1377270400 1377289015
1377306572 1377306636
1377309427 1377332867
1377332946 1377354152
1377355245 1377355516
1377404431 1377435783
1377435938 1377443810
1377443918 1377444372
1377444540 1377444568
1377446650 1377447505
1377470811 1377541830
1377547788 1377550447
1377555875 1377567839
1377567924 1377578167
1377583484 1377586828
1377590825 1377619023
1377619205 1377628697
1377637938 1377686649
1377691574 1377722764
1377727765 1377733699
1377737263 1377739733
1377743427 1377767410
1377773127 1377823747
1377823832 1377896013
1377903753 1377907969
1377914319 1377914478
1377918461 1377935752
1377939803 1377940421
1377944351 1377949617
1377960044 1377960316
1377982666 1377983433
1377988668 1378010640
1378016695 1378021048
1378024512 1378055180
1378060064 1378062290
1378076786 1378080084
1378088395 1378110282
1378110361 1378141483
1378145374 1378163033
1378163179 1378164358
1378164760 1378200841
1378211421 1378224625
1378241229 1378244506
1378263688 1378273612
1378278430 1378342358
1378349335 1378356078
1378356189 1378363590
1378369222 1378425606
1378427407 1378427595
1378428550 1378429289
1378429532 1378430133
1378430456 1378430717
1378432143 1378434310
1378435388 1378436054
1378436320 1378436551
1378438642 1378443665
1378444059 1378445651
1378463257 1378463387
1378463481 1378463797
1378464013 1378465540
1378465664 1378465831
1378466870 1378467178
1378468659 1378469494
1378471617 1378481754
1378486284 1378563755
1378564848 1378565116
1378587276 1378587566
1378587647 1378617006
1378625960 1378665025
1378681948 1378701964
1378706661 1378762648
1378767218 1378842864
1378847979 1378868512
1378868611 1378917534
1378924877 1378952792
1378957866 1378971945
1378977233 1378985443
1378993266 1379079880
1379089281 1379121289
1379121405 1379129237
1379138960 1379150780
1379194069 1379197820
1379202951 1379255904
1379268621 1379271731
1379271754 1379272385
1379288839 1379292185
1379299194 1379328549
1379346477 1379352381
1379381016 1379414536
1379434244 1379461266
1379461366 1379482799
1379496609 1379531346
1379531437 1379531442
1379540060 1379586291
1379593319 1379696271
1379698887 1379726789
1379745181 1379745851
1379746807 1379773366
1379774463 1379774716
1379799472 1379805676
1379815125 1379845756
1379852881 1379871922
1379905356 1379908186
1379912659 1379964609
1379966412 1379983081
1379991239 1380049359
1380056782 1380056956
1380061614 1380067518
1380071779 1380196644
1380202286 1380213332
1380217571 1380239707
1380239751 1380243250
1380250145 1380298543
1380302753 1380370672
1380406503 1380408398
1380414828 1380424213
1380428921 1380438053
1380438132 1380455189
1380466050 1380481375
1380494808 1380562479
1380562543 1380573583
1380582449 1380647689
1380647743 1380658604
1380658653 1380689677
1380698279 1380699060
1380699303 1380701781
1380720109 1380759916
1380760001 1380767485
1380775606 1380784246
1380788279 1380853382
1380857378 1380863768
1380867753 1380907592
1380911946 1380917791
1380923211 1380982950
1380984045 1380984316
1381006750 1381007110
1381007122 1381023846
1381032869 1381046905
1381054280 1381071741
1381076538 1381086472
1381114506 1381116207
1381120002 1381122624
1381125911 1381161671
1381172977 1381188191
1381192221 1381227541
1381232332 1381248349
1381254982 1381259006
1381259314 1381260799
1381260861 1381266396
1381266423 1381345005
1381345025 1381379909
1381389041 1381395199
1381404891 1381461554
1381467491 1381491761
1381502650 1381524007
1381524041 1381531322
1381531358 1381587752
1381588846 1381589116
1381614722 1381616197
1381617204 1381629198
1381634778 1381682932
1381683391 1381690875
1381705706 1381773018
1381773175 1381774437
1381779693 1381867220
1381878183 1381910740
1381956615 1381958564
1381964628 1382036392
1382041719 1382052770
1382053921 1382089142
1382092817 1382111820
1382111901 1382133687
1382133803 1382135666
1382136028 1382192555
1382193649 1382193916
1382194925 1382195103
1382237533 1382296090
1382311894 1382315366
1382315426 1382315431
1382315491 1382315496
1382315556 1382315561
1382331959 1382352551
1382359847 1382373495
1382381383 1382456443
1382457400 1382472121
1382487465 1382497863
1382509559 1382534786
1382534861 1382535534
1382535975 1382549718
1382557608 1382561227
1382570097 1382578141
1382584559 1382593907
1382599445 1382611809
1382617753 1382630506
1382638599 1382639449
1382639519 1382653997
1382654808 1382678523
1382680405 1382689306
1382698209 1382730137
1382743750 1382787140
1382892404 1382894316
1382899353 1382901268
1382918769 1383015629
1383016143 1383019222
1383031341 1383043942
1383055295 1383077434
1383104293 1383107481
1383107565 1383174009
1383175963 1383183321
1383183457 1383192739
1383250264 1383251230
1383251245 1383256219
1383257068 1383260344
1383264768 1383284023
1383287548 1383346363
1383351190 1383373362
1383436922 1383455542
1383470464 1383475148
1383479269 1383485672
1383485996 1383486461
1383498645 1383508832
1383525456 1383588154
1383588371 1383612045
1383623739 1383629282
1383634020 1383676855
1383677258 1383678413
1383680263 1383685787
1383703496 1383703506
1383708344 1383710984
1383710989 1383721742
1383725878 1383737191
1383737251 1383737256
1383737316 1383737321
1383737381 1383737386
1383737446 1383737451
1383737511 1383737516
1383737576 1383737581
1383737641 1383737646
1383737706 1383737711
1383737771 1383737776
1383737836 1383737841
1383737901 1383737906
1383737966 1383737971
1383738031 1383738036
1383738096 1383738101
1383738161 1383738166
1383738226 1383738231
1383738291 1383738296
1383738356 1383738361
1383738421 1383738426
1383738486 1383738491
1383738551 1383738556
1383738616 1383738621
1383738681 1383738686
1383738746 1383738751
1383738811 1383738816
1383738876 1383738881
1383738941 1383738946
1383739006 1383739011
1383739071 1383739076
1383739136 1383739141
1383739201 1383739206
1383739266 1383739271
1383739331 1383739336
1383739396 1383739401
1383739461 1383739466
1383739526 1383739531
1383739591 1383739596
1383739656 1383739661
1383739721 1383739726
1383739786 1383739791
1383739851 1383739856
1383739916 1383739921
1383739981 1383739986
1383740046 1383740051
1383740111 1383740116
1383740176 1383740181
1383740241 1383740246
1383740306 1383740311
1383740371 1383740376
1383740436 1383740441
1383740501 1383740506
1383740566 1383740571
1383740631 1383740636
1383740696 1383740701
1383740761 1383740766
1383740826 1383740831
1383740891 1383740896
1383740956 1383740961
1383741021 1383741026
1383741086 1383741091
1383741151 1383741156
1383741216 1383741221
1383741281 1383741286
1383741346 1383741351
1383741411 1383741416
1383741476 1383741481
1383741541 1383741546
1383741606 1383741611
1383741671 1383741676
1383741736 1383741741
1383741801 1383741806
1383741866 1383741871
1383741931 1383741936
1383741996 1383742001
1383742061 1383742066
1383742126 1383742131
1383742191 1383742196
1383742256 1383742261
1383742321 1383742326
1383742386 1383742391
1383751409 1383761619
1383761770 1383795290
1383796935 1383807877
1383808132 1383944997
1383945581 1383999253
1383999384 1384010549
1384011643 1384011916
1384037579 1384052574
1384054445 1384073681
1384078052 1384103395
1384110374 1384114179
1384130048 1384194865
1384198715 1384213556
1384218607 1384245159
1384256493 1384290050
1384300357 1384338014
1384366811 1384379985
1384397334 1384438455
1384462885 1384465897
1384472334 1384474542
1384474554 1384495176
1384502733 1384524823
1384531344 1384588801
1384651925 1384664447
1384681282 1384712507
1384719779 1384719844
1384719958 1384720788
1384731350 1384732607
1384732777 1384733060
1384733195 1384755887
1384756008 1384769396
1384773602 1384797851
1384798312 1384807963
1384808111 1384837109
1384837252 1384852661
1384870405 1384964332
1384964352 1384969635
1384977238 1385054773
1385060905 1385142228
1385142513 1385158414
1385173576 1385188298
1385194584 1385220123
1385221217 1385221516
1385252542 1385257159
1385262136 1385267162
1385273785 1385284831
1385349071 1385384296
1385542790 1385544033
1385544307 1385544678
1385544683 1385547943
1385599362 1385601008
1385601256 1385606105
1385611135 1385611955
1385618007 1385618243
1385621701 1385622558
1385686375 1385719838
1385726018 1385748971
1385758559 1385767762
1385767777 1385798830
1385804520 1385821944
1385852833 1385858752
1385858844 1385883691
1385888321 1385925670
1385939097 1385984308
1386010043 1386015532
1386021442 1386033852
1386038295 1386097752
1386125274 1386149477
1386155638 1386173863
1386187368 1386192164
1386196062 1386200678
1386204397 1386217355
1386225207 1386290856
1386295585 1386312408
1386316803 1386429751
1386430845 1386431094
1386456937 1386462491
1386462564 1386508540
1386552400 1386559972
1386563258 1386568142
1386573515 1386578477
1386581625 1386611816
1386611821 1386619741
1386633901 1386655450
1386661394 1386718663
1386720590 1386789174
1386791285 1386791953
1386797147 1386820848
1386824770 1386849518
1386853083 1386890731
1386895011 1386950968
1386961663 1386972082
1386982565 1387033275
1387060658 1387069058
1387078563 1387130428
1387149169 1387154047
1387154176 1387178091
1387178248 1387206250
1387221631 1387229887
1387251529 1387278011
1387282587 1387319324
1387319431 1387393296
1387395109 1387442074
1387452511 1387466152
1387486091 1387491885
1387492601 1387517421
1387525987 1387549414
1387555840 1387557676
1387560815 1387639341
1387640435 1387640718
1387644720 1387646561
1387646682 1387714568
1387774189 1387790782
1387859277 1387906207
1387913112 1387963535
1387967477 1387977123
1387981710 1387994886
1388005411 1388050570
1388054656 1388107954
1388109769 1388128924
1388148137 1388168595
1388172706 1388197220
1388200838 1388211595
1388269029 1388272233
1388275885 1388277496
1388277533 1388277564
1388280520 1388347219
1388358090 1388401591
1388401668 1388401980
1388402057 1388442905
1388455230 1388463828
1388495099 1388519788
1388624869 1388631957
1388635714 1388688907
1388695300 1388698866
1388701952 1388719543
1388719656 1388766381
1388770837 1388775229
1388778601 1388779534
1388779961 1388783615
1388796610 1388824533
1388943452 1388947147
1388950959 1388952518
1388966324 1389074040
1389079487 1389081003
1389099538 1389100116
1389255121 1389255358
1389257331 1389262567
1389269038 1389293205
1389293245 1389313712
1389313908 1389327248
1389339759 1389355386
1389362407 1389367124
1389378289 1389394420
1389401061 1389452418
