1366747929 1366747946
1367298176 1367300293
1367808239 1367809781
1367810396 1367813195
1367813204 1367815000
1367815005 1367818610
1367818615 1367820415
1367820420 1367822220
1367822225 1367824025
1367824034 1367827635
1367827640 1367829440
1367829445 1367831245
1367831250 1367834855
1367834860 1367847491
1367847495 1367849296
1367849300 1367850663
1367850668 1367850677
1367850681 1367851640
1367932250 1367937758
1368195220 1368196142
1368201200 1368208602
1368219344 1368219464
1368219762 1368229479
1368266520 1368269061
1368276645 1368280880
1368326959 1368337560
1368340429 1368373102
1368373289 1368373745
1368376354 1368379344
1368416271 1368461160
1368500982 1368501121
1368520229 1368540232
1368547400 1368547783
1368547942 1368553666
1368561237 1368583562
1368598438 1368627478
1368632887 1368685178
1368688337 1368718134
1368729594 1368730801
1368736351 1368808087
1368816073 1368824549
1368837186 1368837451
1368837463 1368851418
1368860748 1368862739
1368868845 1368885640
1368934436 1368972926
1368974350 1368982483
1368983715 1369014021
1369014027 1369019481
1369036654 1369074153
1369076473 1369133989
1369141127 1369176996
1369180494 1369446755
1369451672 1369490543
1369512167 1369537427
1369539824 1369567054
1369570476 1369571462
1369575206 1369579422
1369584420 1369601745
1369604337 1369605879
1369609099 1369622397
1369622424 1369673900
1369674200 1369703504
1369703930 1369752399
1369758174 1369762255
1369763003 1369815975
1369839764 1369868964
1369885028 1369946324
1369952773 1369955806
1369959099 1370016465
1370019388 1370037093
1370040112 1370078760
1370086201 1370095229
1370112834 1370113788
1370116689 1370178000
1370185937 1370207056
1370208939 1370274780
1370275128 1370280577
1370280834 1370293640
1370301775 1370330230
1370336418 1370345856
1370348285 1370357618
1370360313 1370376813
1370379197 1370400556
1370402911 1370427083
1370431479 1370480701
1370483488 1370513951
1370519397 1370698750
1370719357 1370740175
1370747501 1370800768
1370805947 1370813551
1370817995 1370825359
1370829633 1370882107
1370884969 1370888409
1370903476 1370903614
1370903683 1370903703
1370903729 1370903841
1370903844 1370906046
1370908100 1370941750
1370948222 1370967383
1370968852 1370970817
1370970875 1370978702
1370990539 1370990822
1370991732 1370991785
1370992977 1371014581
1371017689 1371039832
1371046265 1371064179
1371073351 1371104696
1371109596 1371137350
1371143013 1371155685
1371174393 1371200877
1371205514 1371213012
1371219872 1371220233
1371226759 1371239274
1371239640 1371239877
1371242388 1371243775
1371248677 1371269363
1371269519 1371271519
1371274409 1371276583
1371280342 1371303215
1371326758 1371333864
1371342739 1371344697
1371348469 1371402570
1371406469 1371410039
1371422982 1371430111
1371433312 1371469654
1371474513 1371480535
1371483178 1371489848
1371503737 1371516584
1371520929 1371582548
1371587822 1371591626
1371593146 1371593217
1371598235 1371673414
1371679533 1371714137
1371727468 1371766052
1371769102 1371815313
1371819618 1371831242
1371836862 1371848245
1371849659 1371908858
1371932734 1371932748
1371932770 1371932798
1371932883 1371951876
1371961796 1372008345
1372010193 1372010313
1372011035 1372014091
1372028232 1372038980
1372041937 1372043115
1372045393 1372101701
1372102070 1372110317
1372112489 1372171920
1372177835 1372197885
1372197919 1372237265
1372240517 1372249329
1372252640 1372304314
1372313335 1372329721
1372340418 1372421999
1372425326 1372438563
1372445425 1372546081
1372549784 1372618858
1372633196 1372654214
1372658052 1372798857
1372811832 1372978505
1372983670 1373056499
1373068090 1373117279
1373138368 1373146939
1373150323 1373150731
1373150782 1373163390
1373163925 1373223541
1373228075 1373228077
1373239872 1373300109
1373306214 1373307153
1373324437 1373362381
1373373116 1373400393
1373417136 1373513048
1373515713 1373525886
1373546702 1373570995
1373575415 1373576254
1373583056 1373598992
1373612823 1373645472
1373649062 1373666600
1373673717 1373710713
1373753223 1373753788
1373753814 1373753822
1373753828 1373756009
1373759328 1373761596
1373774134 1373794752
1373796997 1373806682
1373811481 1373812019
1373813450 1373829056
1373843681 1373886052
1373895167 1373895229
1373897902 1373897963
1373902450 1373902664
1373923815 1373971723
1374012149 1374012342
1374012413 1374096942
1374097221 1374098663
1374109350 1374230823
1374237106 1374237414
1374241418 1374241697
1374269044 1374327328
1374364602 1374404265
1374448987 1374490389
1374530218 1374532162
1374532452 1374575882
1374609870 1374620514
1374621946 1374624688
1374634151 1374634695
1374634958 1374644680
1374647579 1374714905
1374723337 1374724175
1374724501 1374736185
1374736425 1374736452
1374736733 1374738349
1374738634 1374740003
1374740249 1374740488
1374740770 1374743860
1374744096 1374745857
1374746140 1374746441
1374746726 1374747487
1374747767 1374749718
1374749973 1374750421
1374750710 1374750971
1374751280 1374751294
1374751902 1374835912
1374874753 1374875804
1374876598 1374913617
1374916779 1374922264
1374959238 1374960177
1374961987 1374969747
1374971607 1375008358
1375066722 1375091971
1375140731 1375182155
1375188036 1375188039
1375214799 1375216873
1375219636 1375281535
1375285532 1375299348
1375306828 1375369281
1375375258 1375390258
1375392662 1375440168
1375446910 1375446942
1375476431 1375526991
1375565068 1375591572
1375591734 1375609033
1375665648 1375686846
1375693089 1375700279
1375743834 1375751457
1375755406 1375786187
1375818519 1375819151
1375823155 1375939199
1375945698 1376018755
1376021296 1376045676
1376048805 1376048866
1376050859 1376050907
1376079161 1376132484
1376167047 1376216060
1376218907 1376226407
1376233075 1376237774
1376241170 1376247914
1376263551 1376327847
1376340002 1376343100
1376349032 1376477849
1376482352 1376493071
1376500724 1376510078
1376512592 1376513904
1376516301 1376518758
1376536647 1376547702
1376561784 1376593156
1376593295 1376595874
1376595986 1376596031
1376596101 1376603762
1376608198 1376609373
1376609407 1376667765
1376668085 1376678293
1376683752 1376748115
1376769406 1376836833
1376843148 1376852515
1376866910 1376956243
1376959611 1377029811
1377036570 1377208675
1377212200 1377262472
1377268304 1377288870
1377301033 1377305513
1377309269 1377323959
1377324482 1377352818
1377376969 1377378906
1377378911 1377443571
1377452306 1377459038
1377459705 1377465641
1377466164 1377471009
1377471350 1377472825
1377478994 1377496878
1377499218 1377531645
1377534439 1377541948
1377541973 1377547943
1377548061 1377557272
1377561457 1377637927
1377665709 1377762776
1377765751 1377820187
1377823360 1377897336
1377901202 1377918909
1377919064 1377935334
1377938525 1377957686
1377977005 1378040744
1378048918 1378048989
1378048996 1378060252
1378077116 1378079940
1378087401 1378135863
1378136327 1378159274
1378163210 1378165455
1378178205 1378200895
1378210444 1378218017
1378223529 1378223865
1378242148 1378246957
1378273966 1378311317
1378316096 1378334320
1378337249 1378490884
1378490887 1378497008
1378498040 1378505813
1378511108 1378526085
1378528583 1378555585
1378560398 1378562459
1378580503 1378600864
1378604666 1378609316
1378612150 1378642173
1378646830 1378665050
1378680886 1378837599
1378840877 1378954833
1378956489 1378985828
1378992740 1379024528
1379028072 1379042625
1379046035 1379080882
1379098496 1379130459
1379135956 1379142972
1379158830 1379167296
1379186858 1379257176
1379269231 1379271626
1379283428 1379353706
1379357380 1379370286
1379376980 1379445223
1379448144 1379449435
1379453499 1379454508
1379454797 1379462864
1379464050 1379492064
1379498550 1379616500
1379630377 1379695340
1379698032 1379737880
1379738310 1379738334
1379739555 1379772023
1379786862 1379786988
1379787785 1379788883
1379793179 1379876441
1379885940 1379961155
1379967271 1379968255
1379972049 1379974596
1379975090 1379975300
1379976713 1379988192
1379988526 1379988625
1379992953 1379993259
1379993638 1379993866
1379995016 1379995230
1379996215 1379996530
1380005275 1380008564
1380018372 1380049237
1380056563 1380174305
1380177526 1380197848
1380200729 1380204576
1380228650 1380234073
1380247953 1380297600
1380303193 1380319054
1380319063 1380319138
1380319144 1380364509
1380368454 1380371284
1380396258 1380433144
1380441901 1380455034
1380467392 1380481315
1380495308 1380509513
1380517542 1380575774
1380576754 1380594229
1380602144 1380690629
1380695265 1380697246
1380720832 1380747591
1380748453 1380753423
1380756314 1380768827
1380769221 1380827602
1380834619 1380880698
1380921055 1380924524
1380926864 1380928009
1380929965 1380943186
1380945609 1380968453
1380971042 1380981800
1381000378 1381002361
1381002562 1381021292
1381032683 1381086140
1381205782 1381205860
1381206458 1381241245
1381244463 1381248324
1381255348 1381377907
1381395688 1381429070
1381433900 1381491966
1381498703 1381508635
1381522455 1381559217
1381565830 1381586724
1381605335 1381612690
1381612834 1381618129
1381618561 1381690862
1381705570 1381757268
1381759506 1381780792
1381780979 1381868060
1381878522 1381944773
1381949065 1381984866
1381996587 1382041839
1382122908 1382134516
1382147460 1382175338
1382224173 1382253580
1382259592 1382260974
1382270420 1382285175
1382287987 1382290176
1382294130 1382299822
1382310220 1382349602
1382353102 1382373753
1382380242 1382381855
1382392741 1382417356
1382427849 1382444233
1382448668 1382472112
1382481265 1382498659
1382505258 1382637885
1382638712 1382674548
1382681927 1382717150
1382928002 1382928147
1382928761 1382933303
1382936357 1382972692
1382973491 1382976184
1382976202 1383030809
1383048742 1383056189
1383056932 1383074221
1383086646 1383172395
1383183510 1383236029
1383240608 1383247126
1383251102 1383251824
1383260273 1383404656
1383424463 1383455713
1383478943 1383485143
1383500560 1383509026
1383526046 1383657784
1383661781 1383673200
1383680042 1383685899
1383694320 1383775548
1383778136 1383782119
1383784477 1383786324
1383798686 1383826917
1383827215 1383868071
1383868867 1383926313
1383936937 1383983342
1383994721 1384009278
1384219988 1384224545
1384228911 1384245351
1384257182 1384290050
1384297985 1384518855
1384551580 1384576126
1384740952 1384853122
1384870297 1384870519
1384882126 1384889697
1384897148 1384917290
1384923142 1384979660
1384986679 1385089508
1385089746 1385102627
1385112257 1385158493
1385172026 1385180776
1385183628 1385189388
1385193082 1385202549
1385209353 1385218821
1385242831 1385309951
1385315573 1385325353
1385605500 1385636678
1385650575 1385654734
1385658811 1385669480
1385680333 1385822808
1385844251 1385849899
1385850867 1385925638
1385927469 1385927579
1385939952 1385990178
1386395900 1386400538
1386457398 1386521424
1386521965 1386532078
1386532084 1386532086
1386544018 1386553324
1386553331 1386553335
1386553342 1386553346
1386553353 1386553356
1386553364 1386553367
1386553375 1386553378
1386553386 1386553389
1386553397 1386553400
1386553407 1386553411
1386553418 1386553421
1386553429 1386553432
1386553440 1386553443
1386553451 1386553454
1386553462 1386553465
1386553473 1386553476
1386553483 1386553487
1386553494 1386553497
1386553505 1386553508
1386553516 1386553519
1386553527 1386553530
1386553538 1386553541
1386553549 1386553552
1386553559 1386553563
1386553570 1386553574
1386553581 1386553585
1386553592 1386553595
1386553603 1386553606
1386553614 1386553617
1386553625 1386553628
1386553635 1386553639
1386553646 1386553650
1386553657 1386553660
1386553668 1386553671
1386553679 1386553682
1386553690 1386553693
1386553700 1386553704
1386553716 1386553774
1386553779 1386553824
1386553829 1386601693
1386608265 1386612284
1386617082 1386620553
1386621094 1386621151
1386633872 1386662609
1386684644 1386688969
1386699072 1386702522
1386705587 1386705912
1386711540 1386711975
1386711980 1386718120
1386722371 1386759045
1386762614 1386789167
1386791591 1386820755
1386823752 1386826185
1386828385 1386829893
1386875765 1386891719
1386902687 1386913195
1387062384 1387063524
1387066443 1387072979
1387075440 1387110453
1387122875 1387131269
1387138155 1387138242
1387156120 1387169065
1387172485 1387189833
1387196187 1387197814
1387200872 1387206946
1387215804 1387215812
1387220720 1387229604
1387240194 1387273546
1387280864 1387305598
1387311423 1387386499
1387388952 1387391468
1387400353 1387413514
1387417818 1387422236
1387427187 1387468714
1387472753 1387480031
1387492371 1387496591
1387560111 1387568085
1387570892 1387611745
1387618503 1387711986
1387722035 1387791156
1387803306 1387818526
1387823085 1387829880
1387844939 1387853948
1387856293 1387898454
1387898743 1387905094
1387912973 1387962170
1387976336 1387976916
1387979647 1387979752
1387986886 1387987300
1387989528 1387992305
1388003145 1388043797
1388049936 1388066244
1388072574 1388072686
1388075505 1388106406
1388110687 1388129078
1388185580 1388187806
1388191810 1388217479
1388223442 1388233982
1388266076 1388271909
1388274317 1388296989
1388296994 1388298571
1388307508 1388347683
1388361548 1388394746
1388400425 1388421205
1388423479 1388423870
1388624262 1388632647
1388645082 1388691479
1388977938 1388982505
1388986505 1389001749
1389009845 1389081373
1389090910 1389112098
1389112206 1389112282
1389112331 1389117252
1389117500 1389121773
1389226225 1389233758
1389237385 1389276449
1389280675 1389316580
1389323131 1389372392
1389377825 1389391848
1389399868 1389428351
