1366569431 1366569732
1366590037 1366590038
1366740582 1366740880
1366740892 1366740894
1366740895 1366740896
1366740897 1366740898
1366740900 1366740901
1366740903 1366740904
1366740907 1366740908
1366740910 1366740911
1366740913 1366740914
1366740918 1366740919
1366740921 1366740922
1366740925 1366740926
1367081090 1367081330
1367086916 1367093689
1367093700 1367093701
1367093703 1367093704
1367093705 1367093706
1367093707 1367093708
1367093710 1367093711
1367093713 1367093714
1367093716 1367093717
1367093718 1367093719
1367093720 1367093722
1367093724 1367093725
1367093727 1367093728
1367093729 1367093731
1367093734 1367093735
1367631929 1367632720
1367687055 1367688212
1367809783 1367810410
1367813197 1367814263
1367815002 1367815980
1367818612 1367846289
1367847492 1367847826
1367849297 1367849959
1367850665 1367850787
1368464820 1368465266
1368466846 1368467147
1368476934 1368477378
1368896064 1368896076
1368898233 1368898643
1368899164 1368900505
1368900526 1368900542
1368906223 1368906861
1368909041 1368909051
1369014023 1369014025
1369500320 1369500332
1369500923 1369501038
1371592362 1371593146
1371593218 1371594081
1371849053 1371849483
1371921643 1371921655
1372008389 1372010193
1373131819 1373131822
1374945642 1374945960
1374945961 1374945962
1375555734 1375556390
1375556573 1375556589
1375810682 1375810695
1375820045 1375821097
1376332829 1376332836
1376333221 1376333234
1377262287 1377262472
1378676398 1378676904
1382041840 1382043850
1382043854 1382044051
1382045221 1382045231
1382051524 1382051544
1382057562 1382057582
1382057810 1382057832
1382061084 1382061097
1382061692 1382061706
1383693503 1383693933
1383936925 1383937225
1385828165 1385828294
1385828295 1385828299
1385828300 1385828302
1386030183 1386251956
1387044190 1387044432
1387905075 1387905096
1388233979 1388233982
